-490 368 0
-71 368 0
-245 368 0
87 375 0
86 342 0
285 358 0
285 305 0
479 354 0
480 171 0
475 65 0
477 -4 0
477 -190 0
473 -340 0
362 -336 0
226 -341 0
35 -337 0
-74 -339 0
-165 -338 0
-331 -334 0
-484 -337 0
-484 -229 0
-485 -30 0
-486 113 0
-487 186 0
-487 280 0
-307 281 0
-252 285 0
-250 302 0
-155 299 0
-155 214 0
-193 193 0
92 195 0
86 266 0
116 264 0
286 268 0
348 266 0
348 172 0
-67 299 0
-310 216 0
-322 189 0
-190 161 0
-189 122 0
-188 107 0
-341 107 0
-348 82 0
-351 -16 0
-349 -29 0
67 305 0
374 -179 0
376 -163 0
415 -158 0
363 -248 0
323 -248 0
326 -190 0
322 -126 0
326 -66 0
387 -65 0
384 -8 0
223 -7 0
214 -122 0
241 -124 0
218 -213 0
227 -238 0
117 -236 0
116 -287 0
35 -290 0
-75 -238 0
-166 -239 0
-267 -239 0
-271 -268 0
-332 -268 0
-360 -224 0
-270 -218 0
-163 -219 0
-72 -221 0
116 -218 0
115 -127 0
24 -126 0
6 -123 0
6 -35 0
10 10 0
30 10 0
110 11 0
8 81 0
10 102 0
-155 107 0
-346 102 0
-364 111 0
-349 -10 0
-350 -36 0
-265 -28 0
-268 -52 0
-75 -48 0
-73 -28 0
-81 -121 0
-62 -126 0
-165 -124 0
-265 -126 0
-270 -164 0
-164 -201 0
-347 -198 0
-457 282 0
-66 216 0
-69 192 0
104 166 0
105 124 0
100 101 0
218 98 0
224 123 0
228 172 0
337 114 0
351 111 0
349 62 0
24 378 0
-21 375 0
-448 348 1
-449 303 1
-269 300 1
-269 346 1
-231 350 1
-233 317 1
-84 346 1
-85 311 1
-137 315 1
-86 315 1
-83 223 1
-138 226 1
-446 263 1
-447 228 1
-330 225 1
-328 263 1
-290 263 1
-236 264 1
-233 232 1
-290 229 1
-173 282 1
-173 229 1
-235 229 1
-232 266 1
-8 378 1
8 378 1
9 353 1
-12 353 1
-48 346 1
-49 315 1
51 317 1
52 347 1
124 323 1
121 283 1
270 286 1
272 320 1
304 321 1
308 287 1
452 281 1
450 320 1
451 320 1
378 322 1
378 193 1
453 193 1
330 191 1
329 244 1
127 246 1
124 195 1
124 195 1
210 186 1
209 131 1
123 134 1
89 152 1
-168 154 1
-169 133 1
89 132 1
-446 152 1
-449 130 1
-207 128 1
-206 154 1
-449 93 1
-375 93 1
-373 -5 1
-449 -3 1
-444 -60 1
-371 -61 1
-373 -213 1
-452 -210 1
-321 -58 1
-280 -58 1
-282 -189 1
-320 -192 1
-321 -167 1
-324 -196 1
-177 -191 1
-178 -165 1
-241 -141 1
-250 -193 1
-183 -195 1
-180 -143 1
-150 -141 1
-150 -193 1
-60 -195 1
-60 -143 1
-60 -60 1
-60 -193 1
-10 -195 1
-10 -60 1
-450 -243 1
-353 -244 1
-358 -311 1
-451 -307 1
-352 -239 1
-354 -257 1
-287 -254 1
-284 -241 1
-255 -245 1
-177 -246 1
-181 -311 1
-254 -309 1
-316 -287 1
-319 -305 1
-184 -310 1
-180 -289 1
-147 -245 1
-91 -245 1
-90 -312 1
-148 -311 1
-61 -245 1
18 -244 1
16 -310 1
-60 -309 1
19 -275 1
23 -242 1
99 -246 1
96 -272 1
51 -299 1
49 -313 1
117 -314 1
116 -300 1
135 -245 1
135 -308 1
211 -309 1
213 -243 1
351 -317 1
349 -272 1
244 -263 1
242 -309 1
249 -144 1
311 -141 1
305 -310 1
243 -308 1
340 -208 1
339 -234 1
454 -238 1
455 -212 1
382 -236 1
453 -242 1
449 -309 1
387 -308 1
341 -83 1
337 -177 1
450 -176 1
455 -81 1
455 -79 1
395 -79 1
398 -25 1
457 -27 1
371 -26 1
368 -51 1
246 -26 1
240 -54 1
241 -49 1
308 -51 1
308 -114 1
245 -115 1
195 -191 1
124 -195 1
123 79 1
191 77 1
36 81 1
37 31 1
110 27 1
116 76 1
39 -6 1
33 -111 1
119 -111 1
123 -9 1
32 -140 1
102 -142 1
101 -199 1
36 -196 1
368 152 1
366 81 1
451 77 1
453 148 1
-319 81 1
-321 -5 1
-17 -6 1
-18 75 1
-250 -58 1
-252 -110 1
-93 -109 1
-93 -57 1
-52 282 1
-55 222 1
57 222 1
58 283 1
241 101 1
334 97 1
338 10 1
241 10 1
346 46 1
458 45 1
457 9 1
342 9 1
244 162 1
338 160 1
335 128 1
240 127 1